 23 123
 23 124
 23 125
 23 126
 23 127
 23 128
 23 129
 23 130
 23 131
 23 132
 23 133
 23 134
 23 135
 23 136
 23 137
 23 138
 23 139
 23 140
 23 141
 23 142
 23 143
 23 144
 23 145
 23 146
 23 147
 23 148
 23 149
 23 150
 23 151
 23 152
 23 153
 23 154
 23 155
 23 156
 23 157
 23 158
 23 159
 23 160
 23 161
 23 162
 23 163
 23 164
 23 165
 23 166
 23 167
 23 168
 23 169
 23 170
 23 171
 23 172
 23 173
 23 174
 23 175
 23 176
 23 177
 23 178
 23 179
 23 180
 23 181
 23 182
 23 183
 23 184
 23 185
 23 186
 23 187
 23 188
 23 189
 23 190
 23 191
 23 192
 23 193
 23 194
 23 195
 23 196
 23 197
 23 198
 23 199
 23 200
 23 201
 23 202
 23 203
 23 204
 23 205
 23 206
 23 207
 23 208
 23 209
 23 210
 23 211
 23 212
 23 213
 23 214
 23 215
 23 216
 23 217
 23 218
 23 219
 23 220
 23 221
 23 222
 23 223
